eval_loss = 1.5647298097610474
eval_acc = 0.7653333333333333
eval_f1 = 0.7635018919848641
eval_runtime = 2.2381
eval_samples_per_second = 167.55
