eval_loss = 1.0899049043655396
eval_acc = 0.8079930495221547
eval_f1 = 0.8062231993424245
eval_runtime = 6.8467
eval_samples_per_second = 168.109
